<?xml version="1.0" encoding="UTF-8"?>
<document version="2.0.0">
  <chunk label="Chunk 1" enabled="true">
    <sensors next_id="1">
      <sensor id="0" label="unknown" type="frame">
        <resolution width="1280" height="720"/>
        <property name="layer_index" value="0"/>
        <bands>
          <band label="Red"/>
          <band label="Green"/>
          <band label="Blue"/>
        </bands>
        <data_type>uint8</data_type>
        <calibration type="frame" class="adjusted">
          <resolution width="1280" height="720"/>
          <f>1182.9629842675893</f>
          <cx>-6.7989637585466633</cx>
          <cy>6.1573964751530967</cy>
          <k1>0.12208220486028611</k1>
          <k2>-0.30881594220301489</k2>
          <k3>0.28730927354848129</k3>
          <p1>-0.0029238636149442349</p1>
          <p2>0.0012686147736249507</p2>
        </calibration>
        <covariance>
          <params>f cx cy k1 k2 k3 p1 p2</params>
          <coeffs>113.03768354359119 -10.621065806312609 -65.266516750023058 0.043966760023293638 -0.15100005062330127 0.23888459302010928 -0.00066767558105627705 0.0012020161018138809 -10.621065806312609 8.7152074351943369 7.3047758004635179 -0.0061278740116021864 0.027194781284306573 -0.044599393450795367 0.0021270617278276926 0.0001379863040182446 -65.266516750023058 7.3047758004635179 65.071741763615321 -0.017103224905643831 0.10129279325494127 -0.18212006593948338 -0.00018615005997495298 0.0062952996409996438 0.043966760023293638 -0.0061278740116021864 -0.017103224905643831 0.00019396410194214857 -0.00075561319594118985 0.0012449760205723538 -3.1780637417305682e-06 -5.6016406581927142e-06 -0.15100005062330127 0.027194781284306573 0.10129279325494127 -0.00075561319594118985 0.0038110840315384439 -0.0067313120817345147 8.1981881109799502e-06 8.8790062141298382e-06 0.23888459302010928 -0.044599393450795367 -0.18212006593948338 0.0012449760205723538 -0.0067313120817345147 0.012318248604593711 -1.1634842978180962e-05 -1.5454342713216419e-05 -0.00066767558105627705 0.0021270617278276926 -0.00018615005997495298 -3.1780637417305682e-06 8.1981881109799502e-06 -1.1634842978180962e-05 9.6543495821270085e-07 1.5249400094892409e-07 0.0012020161018138809 0.0001379863040182446 0.0062952996409996438 -5.6016406581927142e-06 8.8790062141298382e-06 -1.5454342713216419e-05 1.5249400094892409e-07 3.7142448089397037e-06</coeffs>
        </covariance>
      </sensor>
    </sensors>
    <components next_id="2" active_id="0">
      <component id="0" label="Component 1">
        <region>
          <center>-4.0727581159240094 1.5006870332544153 -32.091185614025775</center>
          <size>84.367993468046194 72.053857028484344 35.932105177640921</size>
          <R>-0.9555446748191353 -0.28133743025386926 0.088224853431118522 0.26673062041628548 -0.69730113129881965 0.66530136661646022 -0.12565488672207079 0.65925744791206997 0.74134369007588385</R>
        </region>
        <partition>
          <partition/>
          <partition/>
        </partition>
      </component>
      <component id="1" label="Component 2">
        <region>
          <center>-2.0112474019592765 7.5560766569704008 -43.909227067739522</center>
          <size>86.796912384033206 68.999944305419916 43.155841064453128</size>
          <R>-0.99378506645279896 -0.011448425694569067 -0.11072567563362101 -0.061799139553175522 -0.77058509355922555 0.63433388679370306 -0.092585679486047234 0.63723429532114439 0.76508845555312865</R>
        </region>
        <partition/>
      </component>
    </components>
    <cameras next_id="200" next_group_id="0">
      <camera id="0" sensor_id="0" label="frame_001"/>
      <camera id="1" sensor_id="0" label="frame_002"/>
      <camera id="2" sensor_id="0" label="frame_003"/>
      <camera id="3" sensor_id="0" label="frame_004"/>
      <camera id="4" sensor_id="0" label="frame_005"/>
      <camera id="5" sensor_id="0" label="frame_006"/>
      <camera id="6" sensor_id="0" label="frame_007"/>
      <camera id="7" sensor_id="0" component_id="1" label="frame_008">
        <transform>0.84184250642987846 -0.37303568077914923 0.39005842541021646 -8.6051623298231039 -0.4095692037801249 -0.91220586007949223 0.011555784332889896 -1.4933938526356441 0.35150286155702237 -0.16948406916955477 -0.92071759438763534 -5.3828907746753343 0 0 0 1</transform>
      </camera>
      <camera id="8" sensor_id="0" label="frame_009"/>
      <camera id="9" sensor_id="0" label="frame_010"/>
      <camera id="10" sensor_id="0" label="frame_011"/>
      <camera id="11" sensor_id="0" label="frame_012"/>
      <camera id="12" sensor_id="0" label="frame_013"/>
      <camera id="13" sensor_id="0" label="frame_014"/>
      <camera id="14" sensor_id="0" label="frame_015"/>
      <camera id="15" sensor_id="0" label="frame_016"/>
      <camera id="16" sensor_id="0" label="frame_017"/>
      <camera id="17" sensor_id="0" label="frame_018"/>
      <camera id="18" sensor_id="0" component_id="1" label="frame_019">
        <transform>0.84932825546442547 -0.36222747713017106 0.38396975047738763 -8.5280076469274722 -0.39573700400740885 -0.91831941544324902 0.0090374155160792974 -1.2945933397316793 0.34933327658411817 -0.15962677103757228 -0.92330144364618139 -4.1975561923355373 0 0 0 1</transform>
        <rotation_covariance>1.8259181797880863e-05 8.6323697622921755e-06 2.1098010300544124e-06 8.6323697622921789e-06 4.9955607413996127e-05 6.2987421813855592e-07 2.1098010300544124e-06 6.2987421813855613e-07 2.6330475697925214e-06</rotation_covariance>
        <location_covariance>0.093276730723846929 -0.023055717674541062 0.049536025491227452 -0.023055717674541062 0.035974367059524677 0.0065236428010474763 0.049536025491227452 0.0065236428010474763 0.063339580490104783</location_covariance>
      </camera>
      <camera id="19" sensor_id="0" label="frame_020"/>
      <camera id="20" sensor_id="0" label="frame_021"/>
      <camera id="21" sensor_id="0" component_id="1" label="frame_022">
        <transform>0.85833593346551362 -0.35463704303137578 0.37079912760394723 -8.2786822317596247 -0.38853133139411933 -0.92125409709725437 0.018283684164708325 -1.5071338920337691 0.33511614381733246 -0.15976062184244288 -0.9285330978815548 -4.2443550446930045 0 0 0 1</transform>
        <rotation_covariance>2.9918004814462069e-05 2.4824059765553504e-05 -4.6394503574828406e-06 2.4824059765553504e-05 5.6534247311734227e-05 -6.0308041332968863e-06 -4.6394503574828423e-06 -6.0308041332968855e-06 3.6826461878086167e-06</rotation_covariance>
        <location_covariance>0.1319389747510768 0.0027638136849379782 0.04484063617702759 0.0027638136849379782 0.029810088356289222 0.0061667911816032511 0.04484063617702759 0.0061667911816032511 0.038433077484911378</location_covariance>
      </camera>
      <camera id="22" sensor_id="0" component_id="1" label="frame_023">
        <transform>0.86425289038392794 -0.34879483252352261 0.36250393965847316 -8.0301515823769289 -0.38354945066869606 -0.9231488919908224 0.026190496517965248 -1.800019680724092 0.32551000039133615 -0.16167339923748661 -0.93161416456826585 -3.9819559904958033 0 0 0 1</transform>
        <rotation_covariance>7.3775845391349783e-06 5.4438289556006365e-06 1.5267198645804399e-06 5.4438289556006391e-06 3.0639661568656136e-05 -8.4494770839464366e-08 1.5267198645804397e-06 -8.4494770839464499e-08 1.5887475370055804e-06</rotation_covariance>
        <location_covariance>0.045024965358080961 -0.012821993908295038 0.025694467367104887 -0.012821993908295038 0.015168296753900863 0.0022634648101609988 0.025694467367104887 0.0022634648101609988 0.035415193783853702</location_covariance>
      </camera>
      <camera id="23" sensor_id="0" component_id="1" label="frame_024">
        <transform>0.86810973540817149 -0.34539991312982138 0.35648897219895187 -7.9609243847465496 -0.3785134225173481 -0.92525069343900879 0.025273370666310267 -1.66703954572608 0.32111224869779831 -0.15687592007872014 -0.93395763792352937 -3.6920097633075533 0 0 0 1</transform>
        <rotation_covariance>1.4727093005060016e-05 1.2538597476162677e-05 3.2409962705270466e-06 1.2538597476162674e-05 3.8957086043307407e-05 7.5059706447759699e-07 3.2409962705270466e-06 7.5059706447759731e-07 2.4406322484549775e-06</rotation_covariance>
        <location_covariance>0.066620550362844172 -0.0044704595872659177 0.045725931850866118 -0.0044704595872659177 0.020627211368578428 0.011508123883475625 0.045725931850866118 0.011508123883475625 0.054766440464315315</location_covariance>
      </camera>
      <camera id="24" sensor_id="0" component_id="1" label="frame_025">
        <transform>0.87325876758189724 -0.33955693973159945 0.34945702099322262 -7.8272173615344318 -0.37156872842881278 -0.92801897571052483 0.026785458274650786 -1.6997962626789977 0.31520755843593323 -0.15323793721301035 -0.93656944734683678 -3.4878653732975806 0 0 0 1</transform>
        <rotation_covariance>1.3557056056406076e-05 9.7502911261610809e-06 2.5414235053174679e-06 9.7502911261610793e-06 3.7072623730550336e-05 6.3199896658983341e-07 2.5414235053174675e-06 6.3199896658983362e-07 2.076369320715018e-06</rotation_covariance>
        <location_covariance>0.059868416819521333 -0.0071668752398375973 0.040114469368025082 -0.0071668752398375973 0.021417791219749013 0.0094761687187852259 0.040114469368025082 0.0094761687187852259 0.050016987684690456</location_covariance>
      </camera>
      <camera id="25" sensor_id="0" component_id="1" label="frame_026">
        <transform>0.8787343703573276 -0.33239729678513646 0.34254626467478144 -7.6952264536411397 -0.36367386732084245 -0.93106043841338526 0.029458076131649427 -1.7725118645526805 0.30913949049031836 -0.1504609487920697 -0.93903901852264693 -3.1708408368908048 0 0 0 1</transform>
        <rotation_covariance>1.4008023243570539e-05 9.5272061818475677e-06 1.7868918121019058e-06 9.5272061818475694e-06 3.9488715191452121e-05 -1.8796118868975541e-07 1.786891812101905e-06 -1.8796118868975472e-07 2.1812351837897953e-06</rotation_covariance>
        <location_covariance>0.06542775762532145 -0.0091269875041096842 0.037351762218159945 -0.0091269875041096842 0.023258072060077867 0.0096808347986314137 0.037351762218159945 0.0096808347986314137 0.047786361625398038</location_covariance>
      </camera>
      <camera id="26" sensor_id="0" component_id="1" label="frame_027">
        <transform>0.8860171322949677 -0.3267563801637336 0.328943626328425 -7.162937203532076 -0.35646490781544221 -0.93373924577906364 0.032615799669377624 -1.9886851670942103 0.29649015291562247 -0.14615501672620843 -0.94378615178960545 -2.862067443258415 0 0 0 1</transform>
        <rotation_covariance>1.1483058047650074e-05 7.7821512162955051e-06 1.7860216284234462e-06 7.7821512162955051e-06 3.7863154633490555e-05 -2.3502879557661453e-07 1.7860216284234456e-06 -2.3502879557661464e-07 2.0489880943302509e-06</rotation_covariance>
        <location_covariance>0.060298758072341849 -0.011154155886138543 0.030260135798185012 -0.011154155886138543 0.020994099351328673 0.0084656220305933672 0.030260135798185012 0.0084656220305933672 0.041555029866256109</location_covariance>
      </camera>
      <camera id="27" sensor_id="0" component_id="1" label="frame_028">
        <transform>0.89146577509837055 -0.31931339305298828 0.32144630787310224 -6.9222366312174799 -0.34648662733522273 -0.93758962760649411 0.029541619498226868 -1.870480955460299 0.29195168933596521 -0.13771218980795902 -0.94646688472031215 -2.4897392114313566 0 0 0 1</transform>
        <rotation_covariance>1.3743867452610956e-05 7.7811187551980027e-06 1.6557943069498193e-06 7.7811187551980044e-06 3.8776214201803101e-05 -6.1025343368454308e-08 1.6557943069498185e-06 -6.1025343368453911e-08 2.2191767059541631e-06</rotation_covariance>
        <location_covariance>0.062999704499118611 -0.010663497642026858 0.030155772820142979 -0.010663497642026858 0.025673252825129091 0.011600409424747099 0.030155772820142979 0.011600409424747099 0.043527943758209661</location_covariance>
      </camera>
      <camera id="28" sensor_id="0" component_id="1" label="frame_029">
        <transform>0.89718075293906474 -0.3116007213311095 0.31300429233738125 -6.6545611033836911 -0.33765494161264659 -0.94074915758292776 0.03130755358649695 -2.0125844541876043 0.28470306805556722 -0.13377598055309939 -0.94923556089455674 -2.1614590492531942 0 0 0 1</transform>
        <rotation_covariance>1.2069689895241886e-05 7.2853917036077011e-06 8.0739406222598389e-07 7.2853917036077002e-06 3.8729273251894447e-05 -8.5869681034527943e-07 8.0739406222598399e-07 -8.5869681034527964e-07 2.2784753945718525e-06</rotation_covariance>
        <location_covariance>0.062195273977758314 -0.01097079693576907 0.0266135532695949 -0.01097079693576907 0.023289527347029795 0.0091880482608788037 0.0266135532695949 0.0091880482608788037 0.037866297092857375</location_covariance>
      </camera>
      <camera id="29" sensor_id="0" component_id="1" label="frame_030">
        <transform>0.90328000550316778 -0.30341717089207754 0.30335334523628521 -6.3547868701001748 -0.32836396275086949 -0.94395343794544928 0.033600817810165752 -2.1548374924907412 0.27615636806842359 -0.12996125345199677 -0.95228553122288051 -1.9950913020070156 0 0 0 1</transform>
        <rotation_covariance>1.0188494160532628e-05 5.9941404241856163e-06 1.5226516496931742e-06 5.9941404241856163e-06 3.576658725300753e-05 -1.2244865337666589e-07 1.5226516496931737e-06 -1.2244865337666629e-07 1.8089379412090359e-06</rotation_covariance>
        <location_covariance>0.052310476732110256 -0.010808061083851118 0.025703783516658529 -0.010808061083851118 0.020162729205671619 0.0091393946797516893 0.025703783516658529 0.0091393946797516893 0.03773588830516722</location_covariance>
      </camera>
      <camera id="30" sensor_id="0" component_id="1" label="frame_031">
        <transform>0.9084995281853514 -0.29765315794044084 0.29331076498327963 -6.069168831414852 -0.32144816851802982 -0.94626611103121749 0.035376857834744709 -2.2702723092795725 0.26702000345179755 -0.12642406686204333 -0.9553623778832111 -1.7083705165468726 0 0 0 1</transform>
        <rotation_covariance>9.5922251198436876e-06 5.7505540064897662e-06 1.3949510294859791e-06 5.7505540064897679e-06 3.5792221762343412e-05 -2.8304247859331038e-07 1.3949510294859789e-06 -2.8304247859330943e-07 1.9374373279751588e-06</rotation_covariance>
        <location_covariance>0.050352299820297007 -0.011370086220281669 0.023156363888957868 -0.011370086220281669 0.019498442173670995 0.0085557257333627301 0.023156363888957868 0.0085557257333627301 0.034713318076748094</location_covariance>
      </camera>
      <camera id="31" sensor_id="0" component_id="1" label="frame_032">
        <transform>0.9138607430240463 -0.29026282085575172 0.28391202367705459 -5.8150590861340579 -0.3129854651095077 -0.94902972700737986 0.037184350020991061 -2.3359426221332362 0.25864771599556707 -0.12284165451979337 -0.95812905546440685 -1.385225169176868 0 0 0 1</transform>
        <rotation_covariance>9.8815568700083873e-06 5.8970059161247149e-06 1.3245871879099821e-06 5.8970059161247149e-06 3.6805004465660979e-05 -2.577114635887301e-07 1.3245871879099821e-06 -2.5771146358872952e-07 2.0632408824080347e-06</rotation_covariance>
        <location_covariance>0.051900706491344477 -0.011037763889304962 0.023089484714313345 -0.011037763889304962 0.020285682711036097 0.0090398494718548234 0.023089484714313345 0.0090398494718548234 0.034430534168288111</location_covariance>
      </camera>
      <camera id="32" sensor_id="0" component_id="1" label="frame_033">
        <transform>0.9188594841240838 -0.28274750929995285 0.27522916709516065 -5.5894514475241213 -0.30383229303268311 -0.95203328210497762 0.036312084420002361 -2.2533829655031634 0.25176017585338001 -0.11698921210563171 -0.96069263456382281 -1.0235538052320681 0 0 0 1</transform>
        <rotation_covariance>1.0486981826219358e-05 6.1807820388836506e-06 1.2829600374084334e-06 6.1807820388836515e-06 3.8156301617849896e-05 -3.6809015274112903e-07 1.2829600374084338e-06 -3.6809015274112898e-07 2.2243221610523533e-06</rotation_covariance>
        <location_covariance>0.055144303602659053 -0.011027052498809815 0.022939107686134743 -0.011027052498809815 0.021717151037546539 0.010036151142806057 0.022939107686134743 0.010036151142806057 0.03460749839465662</location_covariance>
      </camera>
      <camera id="33" sensor_id="0" component_id="1" label="frame_034">
        <transform>0.92377411824751088 -0.27511457437640741 0.26637069925523182 -5.3412053330020139 -0.29556140471037601 -0.95452106691662553 0.039153401614374084 -2.2501662657832475 0.24348477262790452 -0.11489779709827051 -0.96307510699856802 -0.89720190647253928 0 0 0 1</transform>
        <rotation_covariance>1.0310685373648258e-05 6.4234370175613932e-06 1.1619689018280425e-06 6.4234370175613932e-06 3.8380010114814377e-05 -5.1854034032523439e-07 1.1619689018280429e-06 -5.185403403252346e-07 2.2769084308307717e-06</rotation_covariance>
        <location_covariance>0.054529298566604614 -0.0097081847848111951 0.02233448027218787 -0.0097081847848111951 0.020837074762484316 0.0098875744390797687 0.02233448027218787 0.0098875744390797687 0.033946422973336061</location_covariance>
      </camera>
      <camera id="34" sensor_id="0" component_id="1" label="frame_035">
        <transform>0.92860581540659037 -0.26723158788833046 0.25744614587859571 -5.1268492144239373 -0.2873206114009248 -0.95686294275493444 0.043129746655483137 -2.2660986303434685 0.23481504606234299 -0.11402011759794421 -0.96532963640701053 -0.86576085612734488 0 0 0 1</transform>
        <rotation_covariance>1.0286497722629024e-05 6.1141605566361e-06 1.1310439056311753e-06 6.1141605566361009e-06 3.8693601561729653e-05 -7.4364553822831919e-07 1.1310439056311748e-06 -7.4364553822831887e-07 2.3790215710127174e-06</rotation_covariance>
        <location_covariance>0.05352235983138396 -0.0095348349321561915 0.021689440528246236 -0.0095348349321561915 0.020929812144653757 0.010192211300942991 0.021689440528246236 0.010192211300942991 0.033508014270823561</location_covariance>
      </camera>
      <camera id="35" sensor_id="0" component_id="1" label="frame_036">
        <transform>0.93246780067095514 -0.26106716684863607 0.24969528450793332 -5.0143753479189135 -0.27954010144279934 -0.95925932803788139 0.040974055909339113 -1.8961444189019203 0.22882555014075906 -0.10800683295948679 -0.96745717819283417 -0.86699625490452448 0 0 0 1</transform>
        <rotation_covariance>1.1058916483454755e-05 5.9127868368263887e-06 9.7827993746829866e-07 5.9127868368263887e-06 3.9508441428272951e-05 -6.1347731955346713e-07 9.7827993746829908e-07 -6.1347731955346681e-07 2.505765370854163e-06</rotation_covariance>
        <location_covariance>0.055837478634018833 -0.010999656764234171 0.021314466474696474 -0.010999656764234171 0.023259713241509963 0.010246005433264019 0.021314466474696474 0.010246005433264019 0.033414560702451981</location_covariance>
      </camera>
      <camera id="36" sensor_id="0" component_id="1" label="frame_037">
        <transform>0.93644844249404846 -0.25504454881791472 0.2408663377658605 -4.8543330536363776 -0.27290998996765187 -0.96106025248244686 0.043397332570474484 -1.7735760045471152 0.2204188102824424 -0.10637419431724283 -0.96958758183932536 -0.9115980996690789 0 0 0 1</transform>
        <rotation_covariance>1.035866372165281e-05 6.0584394527735383e-06 1.0260251200783983e-06 6.0584394527735366e-06 3.9022531834574495e-05 -7.2539432205013527e-07 1.0260251200783976e-06 -7.2539432205013527e-07 2.5015017817900807e-06</rotation_covariance>
        <location_covariance>0.052620359944667676 -0.010223429373406097 0.021378638355856541 -0.010223429373406097 0.02078829009045639 0.0095395751045276971 0.021378638355856541 0.0095395751045276971 0.032856452156925807</location_covariance>
      </camera>
      <camera id="37" sensor_id="0" component_id="1" label="frame_038">
        <transform>0.94036052080541099 -0.24779025369178162 0.23307097864371337 -4.7336042139901426 -0.2649687353534842 -0.96320539046624232 0.045021606612260172 -1.6724595947009129 0.2133393076668037 -0.10409306390022476 -0.97141699277504556 -1.0250570116079272 0 0 0 1</transform>
        <rotation_covariance>1.0692969009017707e-05 5.7419730096382809e-06 9.7034473744392639e-07 5.7419730096382826e-06 3.9747496020297458e-05 -9.0695460214960912e-07 9.7034473744392618e-07 -9.0695460214960912e-07 2.6220896048604726e-06</rotation_covariance>
        <location_covariance>0.05277012621789557 -0.010678565161771918 0.021345575454237684 -0.010678565161771918 0.021678566762581529 0.0095118515722822025 0.021345575454237684 0.0095118515722822025 0.032883133419912891</location_covariance>
      </camera>
      <camera id="38" sensor_id="0" component_id="1" label="frame_039">
        <transform>0.94509515641660169 -0.23854909072359431 0.22335952326423208 -4.7070768246152319 -0.254565764226098 -0.96598641577252486 0.045458951010046378 -1.6194253099897633 0.20491807387798072 -0.099822722152310694 -0.97367551429633981 -1.0492200715119737 0 0 0 1</transform>
        <rotation_covariance>1.0151219552901973e-05 5.433914957460418e-06 9.271597457042995e-07 5.4339149574604189e-06 3.9634767152857672e-05 -9.619653880190236e-07 9.2715974570429972e-07 -9.619653880190236e-07 2.6857844057408631e-06</rotation_covariance>
        <location_covariance>0.051738250537724996 -0.010593996162602032 0.021149622611138966 -0.010593996162602032 0.020608206756307736 0.0092020552798352979 0.021149622611138966 0.0092020552798352979 0.032687680161705347</location_covariance>
      </camera>
      <camera id="39" sensor_id="0" component_id="1" label="frame_040">
        <transform>0.95009565546793473 -0.22909060856184937 0.21174451239575759 -4.501727747551457 -0.24296513143191362 -0.9691404596870673 0.04164990163028541 -1.4902318789749172 0.19566857276841504 -0.091017923873822848 -0.9764371701059269 -1.108380288892056 0 0 0 1</transform>
        <rotation_covariance>9.8466473300234521e-06 5.6544844273248365e-06 7.2590661989670654e-07 5.6544844273248348e-06 4.0336794957034751e-05 -8.965628784821511e-07 7.2590661989670644e-07 -8.9656287848215131e-07 2.9005114974880203e-06</rotation_covariance>
        <location_covariance>0.052119061827402155 -0.0099777514105749907 0.021457225255512222 -0.0099777514105749907 0.019526676148788558 0.0082810112338191338 0.021457225255512222 0.0082810112338191338 0.032337764384213</location_covariance>
      </camera>
      <camera id="40" sensor_id="0" component_id="1" label="frame_041">
        <transform>0.95545849259022897 -0.21693995010775052 0.20009029707722809 -4.1917866023491657 -0.22983408693570437 -0.97226385715456154 0.043350715719174253 -1.6126969723458893 0.18513606191025522 -0.087407380227187886 -0.97881795470975153 -1.0604565630457237 0 0 0 1</transform>
        <rotation_covariance>1.0114691779968728e-05 4.9758848525588179e-06 6.9495920139451675e-07 4.9758848525588187e-06 4.0758749505015186e-05 -1.1124365378462336e-06 6.9495920139451622e-07 -1.1124365378462342e-06 3.0122308089717739e-06</rotation_covariance>
        <location_covariance>0.050531389727855779 -0.010298264062113089 0.020257721378422584 -0.010298264062113089 0.020635735517544988 0.0093324081708612804 0.020257721378422584 0.0093324081708612804 0.032087949368427557</location_covariance>
      </camera>
      <camera id="41" sensor_id="0" component_id="1" label="frame_042">
        <transform>0.96064179582029152 -0.20533587509685503 0.18709494520530143 -3.9240251908717174 -0.21640768524252416 -0.97545909900566341 0.040586450140813246 -1.499618905345119 0.17416961242173848 -0.079477824361698035 -0.98150304204500194 -0.99262364596495334 0 0 0 1</transform>
        <rotation_covariance>1.0240561815892135e-05 4.9005427372982702e-06 5.8205493111830032e-07 4.9005427372982702e-06 4.1102321051398588e-05 -1.0839983258299664e-06 5.8205493111830022e-07 -1.0839983258299666e-06 3.1905239240286494e-06</rotation_covariance>
        <location_covariance>0.049886844267162306 -0.0098598552452848019 0.01978404533691324 -0.0098598552452848019 0.020839755074034239 0.0094078073331570009 0.01978404533691324 0.0094078073331570009 0.0316182893371506</location_covariance>
      </camera>
      <camera id="42" sensor_id="0" component_id="1" label="frame_043">
        <transform>0.96597639401160063 -0.1922656150310865 0.17298421745657092 -3.6319613800679731 -0.20223006186581305 -0.97844628879403428 0.041783513769552708 -1.5876246597905512 0.1612222326172591 -0.075344496958298188 -0.98403790500570021 -1.0325511245417767 0 0 0 1</transform>
        <rotation_covariance>1.0174257422666497e-05 4.4795599841858898e-06 5.48048348376757e-07 4.479559984185889e-06 4.2145204016988942e-05 -1.4088904633644173e-06 5.4804834837675721e-07 -1.4088904633644177e-06 3.4533760472813728e-06</rotation_covariance>
        <location_covariance>0.04951218225394427 -0.0097259465186106276 0.019270563253875966 -0.0097259465186106276 0.020768473387166853 0.0096804825167244469 0.019270563253875966 0.0096804825167244469 0.031492894213566366</location_covariance>
      </camera>
      <camera id="43" sensor_id="0" component_id="1" label="frame_044">
        <transform>0.97131578939294494 -0.17847030783989448 0.15714320378398258 -3.2423822967791089 -0.1868871651499126 -0.98155024104518862 0.040401878747915718 -1.5647088221672218 0.14703341381533064 -0.068611030626753389 -0.98674905710527239 -1.0016688256429709 0 0 0 1</transform>
        <rotation_covariance>1.0164739599184591e-05 4.2296955440094481e-06 4.5171481366661006e-07 4.2296955440094498e-06 4.2966178263278394e-05 -1.5930368416870758e-06 4.5171481366660953e-07 -1.5930368416870754e-06 3.7289010647276314e-06</rotation_covariance>
        <location_covariance>0.048723661554222641 -0.0093964349390222093 0.018521911023885267 -0.0093964349390222093 0.02070176836467787 0.0098158903783298369 0.018521911023885267 0.0098158903783298369 0.030953321625520749</location_covariance>
      </camera>
      <camera id="44" sensor_id="0" component_id="1" label="frame_045">
        <transform>0.97658666439370911 -0.16255326516339047 0.14090749771779046 -2.8671491742164501 -0.16979621494550187 -0.98462924454652434 0.040920608181212209 -1.5962926586040576 0.13208986455648142 -0.063888080018574545 -0.98917671874796498 -1.1262155577704198 0 0 0 1</transform>
        <rotation_covariance>1.0079678229541059e-05 3.6185819835416568e-06 3.34468364640781e-07 3.6185819835416576e-06 4.3594166471574037e-05 -1.8989113356905075e-06 3.344683646407809e-07 -1.8989113356905073e-06 4.0638582945933083e-06</rotation_covariance>
        <location_covariance>0.046946365166635827 -0.0094321561869493264 0.0177221357087093 -0.0094321561869493264 0.020561441301509858 0.0098319491540636173 0.0177221357087093 0.0098319491540636173 0.030724023286583867</location_covariance>
      </camera>
      <camera id="45" sensor_id="0" component_id="1" label="frame_046">
        <transform>0.98147593447151815 -0.1459543592583265 0.12410606377913624 -2.4382379999645765 -0.15193759081380465 -0.98757445938254951 0.040145431532891199 -1.560631327152987 0.11670457810624441 -0.058258151264492894 -0.9914565190971748 -1.0287014119372351 0 0 0 1</transform>
        <rotation_covariance>1.0210524657510034e-05 3.143850169763062e-06 2.6379453587804462e-07 3.143850169763062e-06 4.4641212787236692e-05 -2.2622690421730065e-06 2.6379453587804441e-07 -2.2622690421730065e-06 4.4339025542158034e-06</rotation_covariance>
        <location_covariance>0.046485883507918865 -0.0093489808878957463 0.016803723475044489 -0.0093489808878957463 0.020908477775337036 0.010009849032588967 0.016803723475044489 0.010009849032588967 0.030094902376874434</location_covariance>
      </camera>
      <camera id="46" sensor_id="0" component_id="1" label="frame_047">
        <transform>0.9859175828666974 -0.12825054100422806 0.10732342953153927 -2.0006333245198111 -0.13291924682153877 -0.99041673391898843 0.0375122246426111 -1.4274736300055402 0.10148395744492487 -0.05124931126723245 -0.99351623765087549 -0.84641408177461142 0 0 0 1</transform>
        <rotation_covariance>1.0230816045084751e-05 2.6159688957918923e-06 1.3564290908764719e-07 2.6159688957918928e-06 4.5434924205693704e-05 -2.5221634462607688e-06 1.3564290908764751e-07 -2.5221634462607683e-06 4.7973412372582055e-06</rotation_covariance>
        <location_covariance>0.04565657185405117 -0.0095336674151656545 0.015458467944153538 -0.0095336674151656545 0.021155390228873767 0.0099799517223747546 0.015458467944153538 0.0099799517223747546 0.029154472598889904</location_covariance>
      </camera>
      <camera id="47" sensor_id="0" component_id="1" label="frame_048">
        <transform>0.99010867046198969 -0.10771789959784693 0.089898135588117989 -1.537271222375957 -0.11161728409497405 -0.99296496919537824 0.039524066618747737 -1.4512320452985821 0.085008249995240689 -0.049167306790687121 -0.99516640486689312 -0.70392582768489553 0 0 0 1</transform>
        <rotation_covariance>1.0373335764776087e-05 1.996031475604723e-06 2.5969235590544321e-08 1.996031475604723e-06 4.635779153329313e-05 -3.0706897864020214e-06 2.5969235590544533e-08 -3.0706897864020214e-06 5.2619153252634857e-06</rotation_covariance>
        <location_covariance>0.044845764779064858 -0.0091085673982465309 0.014132307492891266 -0.0091085673982465309 0.021532585961187792 0.010270699218015876 0.014132307492891266 0.010270699218015876 0.028550312868848217</location_covariance>
      </camera>
      <camera id="48" sensor_id="0" component_id="1" label="frame_049">
        <transform>0.99358617823476481 -0.086342634143191932 0.073016819638014901 -1.1018822210983361 -0.089337513061978055 -0.99524574062258897 0.038790778962223736 -1.352485871172908 0.069320380702477355 -0.045065122897981126 -0.99657604803519839 -0.57148911523303669 0 0 0 1</transform>
        <rotation_covariance>1.0313067884173603e-05 1.217137749864738e-06 1.1418839723177728e-08 1.2171377498647378e-06 4.7199107329636952e-05 -3.4883733355461828e-06 1.1418839723177675e-08 -3.4883733355461836e-06 5.6903127115535636e-06</rotation_covariance>
        <location_covariance>0.043532812650108783 -0.0091986936098621512 0.013017474333303664 -0.0091986936098621512 0.02146776975316337 0.010185097484636035 0.013017474333303664 0.010185097484636035 0.027781254682364004</location_covariance>
      </camera>
      <camera id="49" sensor_id="0" component_id="1" label="frame_050">
        <transform>0.99642623374597838 -0.064092078084334897 0.055017871911202526 -0.52660137941968121 -0.066192215535642029 -0.99711183423799321 0.037236818137793032 -1.2316760946491421 0.052472386121550543 -0.040745497289584119 -0.99779078625999307 -0.37831670607312773 0 0 0 1</transform>
        <rotation_covariance>1.0473675785722918e-05 3.630776142839738e-07 -1.1198295236836292e-08 3.6307761428397396e-07 4.8062910713322472e-05 -3.9416979407131785e-06 -1.1198295236836345e-08 -3.9416979407131785e-06 6.1701139961768621e-06</rotation_covariance>
        <location_covariance>0.041925857835926846 -0.0094514113717249684 0.01149214039917959 -0.0094514113717249684 0.021849270945510153 0.010249160117621878 0.01149214039917959 0.010249160117621878 0.02686324962357195</location_covariance>
      </camera>
      <camera id="50" sensor_id="0" component_id="1" label="frame_051">
        <transform>0.99847377405330406 -0.041257185015073784 0.036714672984847228 0.039163450242387189 -0.042602146371716512 -0.99842013974291455 0.036637162557459156 -1.1321239212133041 0.035145122738086162 -0.038145369841840651 -0.99865396965483189 -0.21098303612579186 0 0 0 1</transform>
        <rotation_covariance>1.0549094614092326e-05 -5.0731708188638834e-07 -3.9230387255150135e-08 -5.0731708188638792e-07 4.8957396589232333e-05 -4.4959984738097869e-06 -3.9230387255150109e-08 -4.4959984738097869e-06 6.6978330563300897e-06</rotation_covariance>
        <location_covariance>0.04035750641471509 -0.0095313303060999503 0.01010004444172068 -0.0095313303060999503 0.021852351667043343 0.01027461441562212 0.01010004444172068 0.01027461441562212 0.026118886830750788</location_covariance>
      </camera>
      <camera id="51" sensor_id="0" component_id="1" label="frame_052">
        <transform>0.99968599171600947 -0.018087813205582844 0.017342115794163497 0.66840997406159597 -0.018662495874693142 -0.99926212204892995 0.03356966913743703 -0.86568411858289074 0.016722117524562884 -0.033882775147703936 -0.99928590920406002 0.014690665298829453 0 0 0 1</transform>
        <rotation_covariance>1.0802694155343057e-05 -1.4669452252314608e-06 -2.4803745175219819e-08 -1.4669452252314606e-06 4.9965304398040933e-05 -5.0294397269174036e-06 -2.4803745175219846e-08 -5.0294397269174036e-06 7.2735079496525032e-06</rotation_covariance>
        <location_covariance>0.038817359652811884 -0.01010964394677745 0.0084736443729171197 -0.01010964394677745 0.022297499620476294 0.010272675067775893 0.0084736443729171197 0.010272675067775893 0.025278223853228515</location_covariance>
      </camera>
      <camera id="52" sensor_id="0" component_id="1" label="frame_053">
        <transform>0.99998063266450243 0.0048721757635961718 -0.0038724926379274439 1.3924817213808758 0.0049927294476899281 -0.99948317976829226 0.031756038999307443 -0.67728577589623429 -0.0037157702518247843 -0.031774758277475071 -0.99948814789763429 0.14993742462533624 0 0 0 1</transform>
        <rotation_covariance>1.1059177692824668e-05 -2.3933619285043126e-06 7.5294488826650571e-09 -2.3933619285043122e-06 5.0954750021935103e-05 -5.6631772763271101e-06 7.5294488826650439e-09 -5.663177276327111e-06 7.9479935075265566e-06</rotation_covariance>
        <location_covariance>0.036769172784956769 -0.010231775939286864 0.0070056612511700811 -0.010231775939286864 0.022496321689800682 0.010344643513433442 0.0070056612511700811 0.010344643513433442 0.024589362601966949</location_covariance>
      </camera>
      <camera id="53" sensor_id="0" component_id="1" label="frame_054">
        <transform>0.99934020159442638 0.027750192723111324 -0.023432632823499527 1.9869001527525969 0.028397297633073394 -0.99921146054200671 0.027749785740601236 -0.43022735895260084 -0.02264409336558678 -0.028396899924830098 -0.99934021289564368 0.23158608252113641 0 0 0 1</transform>
        <rotation_covariance>1.1449308265667541e-05 -3.4480519191540455e-06 9.4463457488766234e-08 -3.4480519191540455e-06 5.2048002330901348e-05 -6.2087371680996633e-06 9.4463457488766155e-08 -6.2087371680996624e-06 8.5818102050253604e-06</rotation_covariance>
        <location_covariance>0.035653893342895614 -0.010582699560564844 0.0057135668556613575 -0.010582699560564844 0.022959445153723786 0.010416699105179171 0.0057135668556613575 0.010416699105179171 0.024139172365102782</location_covariance>
      </camera>
      <camera id="54" sensor_id="0" component_id="1" label="frame_055">
        <transform>0.99786341665871225 0.050300720694264361 -0.041694594275982856 2.5059346596518286 0.051389095273325011 -0.99835423245964805 0.02545559696600902 -0.32398087841334194 -0.040345539793022078 -0.027543856439219971 -0.99880607396594545 0.32179636237777842 0 0 0 1</transform>
        <rotation_covariance>1.1782856677363927e-05 -4.437802710732775e-06 1.6649885006714925e-07 -4.4378027107327758e-06 5.3048352345992387e-05 -6.8361787283659663e-06 1.664988500671492e-07 -6.8361787283659646e-06 9.2079686061722963e-06</rotation_covariance>
        <location_covariance>0.034596179242571093 -0.010523146102045263 0.0046843531649627696 -0.010523146102045263 0.023187199010813658 0.010522519188445564 0.0046843531649627696 0.010522519188445564 0.023817466508194246</location_covariance>
      </camera>
      <camera id="55" sensor_id="0" component_id="1" label="frame_056">
        <transform>0.9956246995065462 0.072578000356941258 -0.058854834947420553 3.0020535003255309 0.074019342763552792 -0.9969986854906957 0.022688279500118341 -0.2954085739935472 -0.057031523119692229 -0.026945407660891513 -0.99800869253560953 0.39415948045990573 0 0 0 1</transform>
        <rotation_covariance>1.2142983836504347e-05 -5.4553062391641715e-06 2.598573396968705e-07 -5.4553062391641715e-06 5.4096971370277249e-05 -7.4309219668958353e-06 2.598573396968705e-07 -7.4309219668958362e-06 9.8281430894420334e-06</rotation_covariance>
        <location_covariance>0.033799626462179003 -0.010396146798948042 0.0036541475638800264 -0.010396146798948042 0.023389774433623993 0.010716868946621359 0.0036541475638800264 0.010716868946621359 0.023676679027675358</location_covariance>
      </camera>
      <camera id="56" sensor_id="0" component_id="1" label="frame_057">
        <transform>0.99288197648070975 0.092797494598243643 -0.074659264502459161 3.4418329190153885 0.094446408794403122 -0.99535129376013753 0.018859424059615548 -0.28270980339140794 -0.072562088211404877 -0.025776481651087396 -0.99703074995111907 0.38971267884346095 0 0 0 1</transform>
        <rotation_covariance>1.2553663656751954e-05 -6.3799999919470917e-06 3.6281229070481077e-07 -6.3799999919470933e-06 5.4982816402873585e-05 -7.9932677676511657e-06 3.6281229070481056e-07 -7.9932677676511674e-06 1.0425381771850482e-05</rotation_covariance>
        <location_covariance>0.032664023253539086 -0.010167133445266612 0.0028385951324703218 -0.010167133445266612 0.023583830292591271 0.010730386875651853 0.0028385951324703218 0.010730386875651853 0.023530023586171102</location_covariance>
      </camera>
      <camera id="57" sensor_id="0" component_id="1" label="frame_058">
        <transform>0.98973117432360491 0.11228069197719712 -0.088460436247741747 3.8796114034642568 0.11399737292053863 -0.99337401344709542 0.014583153816157553 -0.22385581383733485 -0.08623689198501204 -0.024517659291454642 -0.99597293278664623 0.45900046739375167 0 0 0 1</transform>
        <rotation_covariance>1.2811434826767247e-05 -7.2532606327798683e-06 4.8880904804523948e-07 -7.2532606327798683e-06 5.5643740907581878e-05 -8.3929826037525875e-06 4.8880904804523895e-07 -8.3929826037525892e-06 1.0930454795846428e-05</rotation_covariance>
        <location_covariance>0.031419646814426321 -0.0099017543278110791 0.0022820866993012684 -0.0099017543278110791 0.023511141240668696 0.010761445511350231 0.0022820866993012684 0.010761445511350231 0.023350753983966972</location_covariance>
      </camera>
      <camera id="58" sensor_id="0" component_id="1" label="frame_059">
        <transform>0.98658936951604825 0.13012074703003082 -0.098539368529908328 4.2697772428237304 0.13207726036656792 -0.99114651808863563 0.013571181777424113 -0.27433612320115947 -0.095901059702112407 -0.02640399350705841 -0.99504061016367085 0.50557751587780686 0 0 0 1</transform>
        <rotation_covariance>1.3261517705894117e-05 -8.2135043213734425e-06 6.4316707738166049e-07 -8.2135043213734425e-06 5.5988055297965446e-05 -8.814437296852501e-06 6.4316707738166049e-07 -8.8144372968524993e-06 1.1309783982461792e-05</rotation_covariance>
        <location_covariance>0.030106100979080352 -0.0098338575520678546 0.0017488455556074433 -0.0098338575520678546 0.02363180867019226 0.011074539508363788 0.0017488455556074433 0.011074539508363788 0.023336945436591476</location_covariance>
      </camera>
      <camera id="59" sensor_id="0" component_id="1" label="frame_060">
        <transform>0.98320532525189985 0.14661375042144054 -0.10868162946729511 4.8347738785003243 0.14863258560014414 -0.98883493138778378 0.010669253260307607 -0.21271638746863308 -0.10590393238271552 -0.026643698216956443 -0.99401935114523865 0.50898117630237982 0 0 0 1</transform>
        <rotation_covariance>1.3700453736266484e-05 -8.8445578539095307e-06 7.3307774573431687e-07 -8.8445578539095307e-06 5.6753122553419348e-05 -9.2805021697433333e-06 7.3307774573431729e-07 -9.280502169743335e-06 1.172135081357051e-05</rotation_covariance>
